ARMA_MAT_TXT_FN008
512 3
  -8.1259548167873663e-01  -8.1259522967879572e-01  -8.1259588711894382e-01
  -8.1259550632764666e-01  -8.1259522574209742e-01  -8.1259591024967470e-01
  -8.1259553062467149e-01  -8.1259522165553810e-01  -8.1259593423300180e-01
  -8.1259555464782829e-01  -8.1259521741243634e-01  -8.1259595910567528e-01
  -8.1259557847201047e-01  -8.1259521300594750e-01  -8.1259598490567175e-01
  -8.1259560216933457e-01  -8.1259520842903821e-01  -8.1259601167226203e-01
  -8.1259562580931599e-01  -8.1259520367447780e-01  -8.1259603944607584e-01
  -8.1259564945919216e-01  -8.1259519873481711e-01  -8.1259606826917086e-01
  -8.1259567318408821e-01  -8.1259519360237320e-01  -8.1259609818509981e-01
  -8.1259569704730850e-01  -8.1259518826921318e-01  -8.1259612923898361e-01
  -8.1259572111047884e-01  -8.1259518272713804e-01  -8.1259616147758018e-01
  -8.1259574543382640e-01  -8.1259517696766692e-01  -8.1259619494936164e-01
  -8.1259577007630368e-01  -8.1259517098202139e-01  -8.1259622970458689e-01
  -8.1259579509584456e-01  -8.1259516476110882e-01  -8.1259626579538158e-01
  -8.1259582054947510e-01  -8.1259515829550732e-01  -8.1259630327581878e-01
  -8.1259584649355865e-01  -8.1259515157544793e-01  -8.1259634220199994e-01
  -8.1259587298389113e-01  -8.1259514459079918e-01  -8.1259638263214384e-01
  -8.1259590007593219e-01  -8.1259513733104793e-01  -8.1259642462667003e-01
  -8.1259592782489187e-01  -8.1259512978528303e-01  -8.1259646824829712e-01
  -8.1259595628594106e-01  -8.1259512194217942e-01  -8.1259651356213025e-01
  -8.1259598551429979e-01  -8.1259511378997507e-01  -8.1259656063576602e-01
  -8.1259601556543348e-01  -8.1259510531645662e-01  -8.1259660953938906e-01
  -8.1259604649512640e-01  -8.1259509650893802e-01  -8.1259666034588118e-01
  -8.1259607835967951e-01  -8.1259508735424146e-01  -8.1259671313092874e-01
  -8.1259611121598196e-01  -8.1259507783867213e-01  -8.1259676797313640e-01
  -8.1259614512169409e-01  -8.1259506794800462e-01  -8.1259682495414676e-01
  -8.1259618013531110e-01  -8.1259505766745466e-01  -8.1259688415876086e-01
  -8.1259621631635581e-01  -8.1259504698165685e-01  -8.1259694567506702e-01
  -8.1259625372543320e-01  -8.1259503587464399e-01  -8.1259700959457271e-01
  -8.1259629242441711e-01  -8.1259502432981878e-01  -8.1259707601234032e-01
  -8.1259633247650975e-01  -8.1259501232993214e-01  -8.1259714502713387e-01
  -8.1259637394642303e-01  -8.1259499985705475e-01  -8.1259721674156316e-01
  -8.1259641690044282e-01  -8.1259498689255116e-01  -8.1259729126224245e-01
  -8.1259646140661612e-01  -8.1259497341705011e-01  -8.1259736869994637e-01
  -8.1259650753481205e-01  -8.1259495941041715e-01  -8.1259744916978238e-01
  -8.1259655535691289e-01  -8.1259494485172157e-01  -8.1259753279135949e-01
  -8.1259660494688568e-01  -8.1259492971921099e-01  -8.1259761968897204e-01
  -8.1259665638097422e-01  -8.1259491399027317e-01  -8.1259770999178527e-01
  -8.1259670973777576e-01  -8.1259489764140513e-01  -8.1259780383403235e-01
  -8.1259676509844070e-01  -8.1259488064817864e-01  -8.1259790135521559e-01
  -8.1259682254676269e-01  -8.1259486298520534e-01  -8.1259800270031868e-01
  -8.1259688216938253e-01  -8.1259484462609533e-01  -8.1259810802002397e-01
  -8.1259694405588057e-01  -8.1259482554342366e-01  -8.1259821747094152e-01
  -8.1259700829899340e-01  -8.1259480570868658e-01  -8.1259833121584535e-01
  -8.1259707499471823e-01  -8.1259478509226224e-01  -8.1259844942391823e-01
  -8.1259714424252993e-01  -8.1259476366336569e-01  -8.1259857227100685e-01
  -8.1259721614549318e-01  -8.1259474139000676e-01  -8.1259869993988731e-01
  -8.1259729081048993e-01  -8.1259471823893925e-01  -8.1259883262054000e-01
  -8.1259736834833696e-01  -8.1259469417561603e-01  -8.1259897051043462e-01
  -8.1259744887401586e-01  -8.1259466916413736e-01  -8.1259911381482586e-01
  -8.1259753250679390e-01  -8.1259464316719698e-01  -8.1259926274706329e-01
  -8.1259761937045616e-01  -8.1259461614603101e-01  -8.1259941752890841e-01
  -8.1259770959343169e-01  -8.1259458806035789e-01  -8.1259957839086872e-01
  -8.1259780330902265e-01  -8.1259455886832210e-01  -8.1259974557254067e-01
  -8.1259790065552762e-01  -8.1259452852643277e-01  -8.1259991932296827e-01
  -8.1259800177647612e-01  -8.1259449698949604e-01  -8.1260009990101623e-01
  -8.1259810682075762e-01  -8.1259446421055359e-01  -8.1260028757575531e-01
  -8.1259821594284798e-01  -8.1259443014081045e-01  -8.1260048262686602e-01
  -8.1259832930293885e-01  -8.1259439472956507e-01  -8.1260068534505614e-01
  -8.1259844706717355e-01  -8.1259435792413348e-01  -8.1260089603249808e-01
  -8.1259856940778186e-01  -8.1259431966977225e-01  -8.1260111500328169e-01
  -8.1259869650332295e-01  -8.1259427990959843e-01  -8.1260134258388672e-01
  -8.1259882853883747e-01  -8.1259423858450230e-01  -8.1260157911367714e-01
  -8.1259896570610812e-01  -8.1259419563306678e-01  -8.1260182494541389e-01
  -8.1259910820384373e-01  -8.1259415099146914e-01  -8.1260208044579219e-01
  -8.1259925623797158e-01  -8.1259410459339021e-01  -8.1260234599599945e-01
  -8.1259941002185654e-01  -8.1259405636991500e-01  -8.1260262199230104e-01
  -8.1259956977664793e-01  -8.1259400624943068e-01  -8.1260290884664699e-01
  -8.1259973573156297e-01  -8.1259395415752034e-01  -8.1260320698731037e-01
  -8.1259990812430294e-01  -8.1259390001684872e-01  -8.1260351685954890e-01
  -8.1260008720140442e-01  -8.1259384374704857e-01  -8.1260383892629884e-01
  -8.1260027321874606e-01  -8.1259378526459891e-01  -8.1260417366889559e-01
  -8.1260046644201189e-01  -8.1259372448269551e-01  -8.1260452158782659e-01
  -8.1260066714728663e-01  -8.1259366131112154e-01  -8.1260488320351509e-01
  -8.1260087562162830e-01  -8.1259359565610789e-01  -8.1260525905713543e-01
  -8.1260109216378951e-01  -8.1259352742018809e-01  -8.1260564971146365e-01
  -8.1260131708490024e-01  -8.1259345650204629e-01  -8.1260605575175582e-01
  -8.1260155070930640e-01  -8.1259338279635851e-01  -8.1260647778666562e-01
  -8.1260179337536398e-01  -8.1259330619363179e-01  -8.1260691644919303e-01
  -8.1260204543639181e-01  -8.1259322658002708e-01  -8.1260737239766589e-01
  -8.1260230726157145e-01  -8.1259314383717673e-01  -8.1260784631675886e-01
  -8.1260257923698065e-01  -8.1259305784200242e-01  -8.1260833891854112e-01
  -8.1260286176656571e-01  -8.1259296846651663e-01  -8.1260885094356539e-01
  -8.1260315527323512e-01  -8.1259287557761972e-01  -8.1260938316198272e-01
  -8.1260346019987739e-01  -8.1259277903688554e-01  -8.1260993637469847e-01
  -8.1260377701046416e-01  -8.1259267870034879e-01  -8.1261051141455709e-01
  -8.1260410619105539e-01  -8.1259257441827526e-01  -8.1261110914756551e-01
  -8.1260444825087486e-01  -8.1259246603492952e-01  -8.1261173047414725e-01
  -8.1260480372327137e-01  -8.1259235338833458e-01  -8.1261237633043415e-01
  -8.1260517316671599e-01  -8.1259223631002542e-01  -8.1261304768959364e-01
  -8.1260555716565919e-01  -8.1259211462479597e-01  -8.1261374556319377e-01
  -8.1260595633143218e-01  -8.1259198815044020e-01  -8.1261447100260653e-01
  -8.1260637130298252e-01  -8.1259185669748846e-01  -8.1261522510045092e-01
  -8.1260680274764341e-01  -8.1259172006893809e-01  -8.1261600899208075e-01
  -8.1260725136174972e-01  -8.1259157805997517e-01  -8.1261682385711920e-01
  -8.1260771787128960e-01  -8.1259143045769766e-01  -8.1261767092103654e-01
  -8.1260820303242065e-01  -8.1259127704082701e-01  -8.1261855145678918e-01
  -8.1260870763204729e-01  -8.1259111757941449e-01  -8.1261946678650510e-01
  -8.1260923248828765e-01  -8.1259095183454155e-01  -8.1262041828323928e-01
  -8.1260977845104898e-01  -8.1259077955801218e-01  -8.1262140737278643e-01
  -8.1261034640252694e-01  -8.1259060049203302e-01  -8.1262243553556979e-01
  -8.1261093725785816e-01  -8.1259041436888590e-01  -8.1262350430859920e-01
  -8.1261155196576473e-01  -8.1259022091058231e-01  -8.1262461528751362e-01
  -8.1261219150939235e-01  -8.1259001982850343e-01  -8.1262577012870518e-01
  -8.1261285690719287e-01  -8.1258981082301796e-01  -8.1262697055153377e-01
  -8.1261354921404116e-01  -8.1258959358308047e-01  -8.1262821834063548e-01
  -8.1261426952242932e-01  -8.1258936778580193e-01  -8.1262951534832928e-01
  -8.1261501896393662e-01  -8.1258913309598568e-01  -8.1263086349712754e-01
  -8.1261579871077405e-01  -8.1258888916563754e-01  -8.1263226478234996e-01
  -8.1261660997760099e-01  -8.1258863563342598e-01  -8.1263372127484890e-01
  -8.1261745402339669e-01  -8.1258837212410961e-01  -8.1263523512384994e-01
  -8.1261833215355606e-01  -8.1258809824791189e-01  -8.1263680855990272e-01
  -8.1261924572197275e-01  -8.1258781359984877e-01  -8.1263844389795603e-01
  -8.1262019613325842e-01  -8.1258751775900750e-01  -8.1264014354055025e-01
  -8.1262118484483947e-01  -8.1258721028776570e-01  -8.1264190998113872e-01
  -8.1262221336906204e-01  -8.1258689073095813e-01  -8.1264374580753507e-01
  -8.1262328327503852e-01  -8.1258655861499285e-01  -8.1264565370549569e-01
  -8.1262439619034532e-01  -8.1258621344690363e-01  -8.1264763646244076e-01
  -8.1262555380231294e-01  -8.1258585471336697e-01  -8.1264969697132228e-01
  -8.1262675785902749e-01  -8.1258548187965829e-01  -8.1265183823464759e-01
  -8.1262801016979680e-01  -8.1258509438857318e-01  -8.1265406336866808e-01
  -8.1262931260520854e-01  -8.1258469165931335e-01  -8.1265637560774795e-01
  -8.1263066709659604e-01  -8.1258427308634718e-01  -8.1265877830892763e-01
  -8.1263207563507767e-01  -8.1258383803825152e-01  -8.1266127495669926e-01
  -8.1263354027002521e-01  -8.1258338585654455e-01  -8.1266386916801570e-01
  -8.1263506310720879e-01  -8.1258291585452413e-01  -8.1266656469755427e-01
  -8.1263664630654642e-01  -8.1258242731611841e-01  -8.1266936544326340e-01
  -8.1263829207978866e-01  -8.1258191949476166e-01  -8.1267227545221399e-01
  -8.1264000268812897e-01  -8.1258139161229892e-01  -8.1267529892678836e-01
  -8.1264178044015734e-01  -8.1258084285793653e-01  -8.1267844023123115e-01
  -8.1264362769022325e-01  -8.1258027238724129e-01  -8.1268170389859329e-01
  -8.1264554683768608e-01  -8.1257967932118735e-01  -8.1268509463809202e-01
  -8.1264754032717046e-01  -8.1257906274526537e-01  -8.1268861734291520e-01
  -8.1264961065031827e-01  -8.1257842170862982e-01  -8.1269227709848801e-01
  -8.1265176034915465e-01  -8.1257775522330355e-01  -8.1269607919121878e-01
  -8.1265399202154276e-01  -8.1257706226340842e-01  -8.1270002911773165e-01
  -8.1265630832876323e-01  -8.1257634176442517e-01  -8.1270413259459306e-01
  -8.1265871200557993e-01  -8.1257559262244661e-01  -8.1270839556852548e-01
  -8.1266120587269586e-01  -8.1257481369341233e-01  -8.1271282422709212e-01
  -8.1266379285177037e-01  -8.1257400379229927e-01  -8.1271742500983735e-01
  -8.1266647598265751e-01  -8.1257316169223059e-01  -8.1272220461984412e-01
  -8.1266925844277904e-01  -8.1257228612347554e-01  -8.1272717003567829e-01
  -8.1267214356800699e-01  -8.1257137577230620e-01  -8.1273232852366917e-01
  -8.1267513487464516e-01  -8.1257042927967926e-01  -8.1273768765047683e-01
  -8.1267823608154099e-01  -8.1256944523970076e-01  -8.1274325529590008e-01
  -8.1268145113161161e-01  -8.1256842219785985e-01  -8.1274903966585976e-01
  -8.1268478421150792e-01  -8.1256735864899055e-01  -8.1275504930552855e-01
  -8.1268823976841686e-01  -8.1256625303495411e-01  -8.1276129311255119e-01
  -8.1269182252253402e-01  -8.1256510374202318e-01  -8.1276778035034436e-01
  -8.1269553747406142e-01  -8.1256390909796539e-01  -8.1277452066146194e-01
  -8.1269938990323809e-01  -8.1256266736883564e-01  -8.1278152408104754e-01
  -8.1270338536234743e-01  -8.1256137675549889e-01  -8.1278880105042672e-01
  -8.1270752965842563e-01  -8.1256003538989741e-01  -8.1279636243091591e-01
  -8.1271182882599324e-01  -8.1255864133113442e-01  -8.1280421951797954e-01
  -8.1271628908907712e-01  -8.1255719256138836e-01  -8.1281238405589840e-01
  -8.1272091681258152e-01  -8.1255568698175074e-01  -8.1282086825316735e-01
  -8.1272571844312502e-01  -8.1255412240804104e-01  -8.1282968479888074e-01
  -8.1273070044044571e-01  -8.1255249656668027e-01  -8.1283884688041852e-01
  -8.1273586920069973e-01  -8.1255080709069261e-01  -8.1284836820278472e-01
  -8.1274123097404127e-01  -8.1254905151591383e-01  -8.1285826300999009e-01
  -8.1274679177917597e-01  -8.1254722727747553e-01  -8.1286854610890258e-01
  -8.1275255731869556e-01  -8.1254533170661092e-01  -8.1287923289600905e-01
  -8.1275853289926225e-01  -8.1254336202783184e-01  -8.1289033938754263e-01
  -8.1276472336174810e-01  -8.1254131535648100e-01  -8.1290188225340965e-01
  -8.1277113302653248e-01  -8.1253918869665787e-01  -8.1291387885533894e-01
  -8.1277776565994897e-01  -8.1253697893946086e-01  -8.1292634728961255e-01
  -8.1278462446766264e-01  -8.1253468286147779e-01  -8.1293930643467816e-01
  -8.1279171212115364e-01  -8.1253229712339892e-01  -8.1295277600383875e-01
  -8.1279903082282168e-01  -8.1252981826859338e-01  -8.1296677660310901e-01
  -8.1280658241504489e-01  -8.1252724272145360e-01  -8.1298132979417714e-01
  -8.1281436853730837e-01  -8.1252456678527818e-01  -8.1299645816225985e-01
  -8.1282239083473717e-01  -8.1252178663941410e-01  -8.1301218538845277e-01
  -8.1283065121945697e-01  -8.1251889833538726e-01  -8.1302853632598948e-01
  -8.1283915218483904e-01  -8.1251589779170752e-01  -8.1304553707962668e-01
  -8.1284789717018013e-01  -8.1251278078704892e-01  -8.1306321508716439e-01
  -8.1285689097145208e-01  -8.1250954295152145e-01  -8.1308159920192569e-01
  -8.1286614019086911e-01  -8.1250617975577355e-01  -8.1310071977483589e-01
  -8.1287565371581005e-01  -8.1250268649772284e-01  -8.1312060873458791e-01
  -8.1288544321462641e-01  -8.1249905828678126e-01  -8.1314129966427118e-01
  -8.1289552363477513e-01  -8.1249529002553045e-01  -8.1316282787275418e-01
  -8.1290591368603216e-01  -8.1249137638890978e-01  -8.1318523045910973e-01
  -8.1291663629003408e-01  -8.1248731180111100e-01  -8.1320854636840012e-01
  -8.1292771897560312e-01  -8.1248309041051603e-01  -8.1323281643727408e-01
  -8.1293919419894178e-01  -8.1247870606315031e-01  -8.1325808342800943e-01
  -8.1295109956741840e-01  -8.1247415227529529e-01  -8.1328439204991398e-01
  -8.1296347794700741e-01  -8.1246942220604890e-01  -8.1331178896735878e-01
  -8.1297637743501472e-01  -8.1246450863075359e-01  -8.1334032279414170e-01
  -8.1298985118318146e-01  -8.1245940391634541e-01  -8.1337004407439406e-01
  -8.1300395706004369e-01  -8.1245409999976104e-01  -8.1340100525080183e-01
  -8.1301875714718508e-01  -8.1244858837059164e-01  -8.1343326062152432e-01
  -8.1303431707000240e-01  -8.1244286005918243e-01  -8.1346686628782616e-01
  -8.1305070517140077e-01  -8.1243690563131166e-01  -8.1350188009507507e-01
  -8.1306799154455456e-01  -8.1243071519047527e-01  -8.1353836157036075e-01
  -8.1308624694993903e-01  -8.1242427838862386e-01  -8.1357637186053977e-01
  -8.1310554165029081e-01  -8.1241758444590451e-01  -8.1361597367497529e-01
  -8.1312594420626683e-01  -8.1241062217966686e-01  -8.1365723123755618e-01
  -8.1314752028315718e-01  -8.1240338004255475e-01  -8.1370021025277406e-01
  -8.1317033152642659e-01  -8.1239584616903404e-01  -8.1374497789059819e-01
  -8.1319443456872453e-01  -8.1238800842920178e-01  -8.1379160279467022e-01
  -8.1321988023469227e-01  -8.1237985448811667e-01  -8.1384015511785501e-01
  -8.1324671301000218e-01  -8.1237137186831621e-01  -8.1389070658846252e-01
  -8.1327497083911215e-01  -8.1236254801257202e-01  -8.1394333060947588e-01
  -8.1330468530986688e-01  -8.1235337034334454e-01  -8.1399810239188475e-01
  -8.1333588227401787e-01  -8.1234382631487534e-01  -8.1405509912176943e-01
  -8.1336858293895897e-01  -8.1233390345336043e-01  -8.1411440015913306e-01
  -8.1340280544938337e-01  -8.1232358938030735e-01  -8.1417608726468660e-01
  -8.1343856695653338e-01  -8.1231287181392631e-01  -8.1424024484892055e-01
  -8.1347588614951860e-01  -8.1230173854336973e-01  -8.1430696023592453e-01
  -8.1351478619657991e-01  -8.1229017737073972e-01  -8.1437632393263937e-01
  -8.1355529801688575e-01  -8.1227817601620400e-01  -8.1444842989261612e-01
  -8.1359746377460385e-01  -8.1226572198215408e-01  -8.1452337576207268e-01
  -8.1364134045971304e-01  -8.1225280237329234e-01  -8.1460126309511149e-01
  -8.1368700339372912e-01  -8.1223940367078540e-01  -8.1468219752458926e-01
  -8.1373454947665103e-01  -8.1222551146018229e-01  -8.1476628887531799e-01
  -8.1378409997360523e-01  -8.1221111011470015e-01  -8.1485365120719344e-01
  -8.1383580262936861e-01  -8.1219618243770342e-01  -8.1494440277749203e-01
  -8.1388983289577010e-01  -8.1218070927067976e-01  -8.1503866591404694e-01
  -8.1394639406423797e-01  -8.1216466907574636e-01  -8.1513656679427793e-01
  -8.1400571611271133e-01  -8.1214803750452480e-01  -8.1523823512910698e-01
  -8.1406805310559349e-01  -8.1213078696806662e-01  -8.1534380375557258e-01
  -8.1413367902578382e-01  -8.1211288622516997e-01  -8.1545340814734424e-01
  -8.1420288197118174e-01  -8.1209430000872496e-01  -8.1556718585818744e-01
  -8.1427595671149577e-01  -8.1207498871150519e-01  -8.1568527591953444e-01
  -8.1435319567566700e-01  -8.1205490815371839e-01  -8.1580781821943227e-01
  -8.1443487852142704e-01  -8.1203400945463111e-01  -8.1593495289600726e-01
  -8.1452126052599416e-01  -8.1201223902925179e-01  -8.1606681978384654e-01
  -8.1461256012515060e-01  -8.1198953872843982e-01  -8.1620355795609678e-01
  -8.1470894601535526e-01  -8.1196584613671707e-01  -8.1634530540820072e-01
  -8.1481052431386403e-01  -8.1194109503653478e-01  -8.1649219893077751e-01
  -8.1491732634317082e-01  -8.1191521604093819e-01  -8.1664437421885383e-01
  -8.1502929766239463e-01  -8.1188813738869015e-01  -8.1680196626221468e-01
  -8.1514628900832353e-01  -8.1185978588738028e-01  -8.1696511005685912e-01
  -8.1526804982781531e-01  -8.1183008798128131e-01  -8.1713394167026399e-01
  -8.1539422508143800e-01  -8.1179897091232212e-01  -8.1730859968328395e-01
  -8.1552435597231876e-01  -8.1176636393504853e-01  -8.1748922701907556e-01
  -8.1565788520563587e-01  -8.1173219954041098e-01  -8.1767597315449247e-01
  -8.1579416731029319e-01  -8.1169641463911102e-01  -8.1786899669213498e-01
  -8.1593248445623745e-01  -8.1165895165320323e-01  -8.1806846825189505e-01
  -8.1607206807384358e-01  -8.1161975946490494e-01  -8.1827457361976630e-01
  -8.1621212642373409e-01  -8.1157879417365719e-01  -8.1848751706933209e-01
  -8.1635187806677212e-01  -8.1153601961611133e-01  -8.1870752474826647e-01
  -8.1649059093716825e-01  -8.1149140760798288e-01  -8.1893484799909821e-01
  -8.1662762641176878e-01  -8.1144493787088767e-01  -8.1916976646134154e-01
  -8.1676248738440638e-01  -8.1139659761052418e-01  -8.1941259078201745e-01
  -8.1689486888113527e-01  -8.1134638071426735e-01  -8.1966366474513930e-01
  -8.1702470918585357e-01  -8.1129428653641833e-01  -8.1992336661971965e-01
  -8.1715223878757415e-01  -8.1124031823859166e-01  -8.2019210952261123e-01
  -8.1727802373362557e-01  -8.1118448065246629e-01  -8.2047034059967161e-01
  -8.1740299921888970e-01  -8.1112677763501295e-01  -8.2075853884936567e-01
  -8.1752848853568472e-01  -8.1106720889534967e-01  -8.2105721145014887e-01
  -8.1765620195504718e-01  -8.1100576629148613e-01  -8.2136688850979334e-01
  -8.1778820984706335e-01  -8.1094242962775831e-01  -8.2168811623367499e-01
  -8.1792688453260631e-01  -8.1087716203228477e-01  -8.2202144861116333e-01
  -8.1807480616038053e-01  -8.1080990505873640e-01  -8.2236743784414579e-01
  -8.1823462946738501e-01  -8.1074057373540509e-01  -8.2272662388629003e-01
  -8.1840891070756572e-01  -8.1066905187055638e-01  -8.2309952361976013e-01
  -8.1859989732898053e-01  -8.1059518800579022e-01  -8.2348662035803466e-01
  -8.1880928703117761e-01  -8.1051879247432668e-01  -8.2388835451594566e-01
  -8.1903796737212087e-01  -8.1043963605252189e-01  -8.2430511641465265e-01
  -8.1928575169272611e-01  -8.1035745067435683e-01  -8.2473724227151557e-01
  -8.1955113121176804e-01  -8.1027193259767283e-01  -8.2518501444401193e-01
  -8.1983106604529965e-01  -8.1018274826189240e-01  -8.2564866693622341e-01
  -8.2012083892240895e-01  -8.1008954286468693e-01  -8.2612839702409757e-01
  -8.2041399387742198e-01  -8.0999195142579306e-01  -8.2662438360745694e-01
  -8.2070237774004129e-01  -8.0988961182878283e-01  -8.2713681255857441e-01
  -8.2097629464159283e-01  -8.0978217907369021e-01  -8.2766590892729464e-01
  -8.2122477318260811e-01  -8.0966933977787003e-01  -8.2821197541221958e-01
  -8.2143593296535911e-01  -8.0955082587040761e-01  -8.2877543605983894e-01
  -8.2159742294056681e-01  -8.0942642646967999e-01  -8.2935688376180072e-01
  -8.2169688999137558e-01  -8.0929599713275102e-01  -8.2995712984360748e-01
  -8.2172242439339083e-01  -8.0915946601859412e-01  -8.3057725393374349e-01
  -8.2166292170360233e-01  -8.0901683699213933e-01  -8.3121865241949422e-01
  -8.2150830101698902e-01  -8.0886819026650947e-01  -8.3188308416401902e-01
  -8.2124953024207992e-01  -8.0871368176441327e-01  -8.3257271277730782e-01
  -8.2087843257258564e-01  -8.0855354287651615e-01  -8.3329014555749148e-01
  -8.2038728613708933e-01  -8.0838808257531558e-01  -8.3403847015130617e-01
  -8.1976828046541084e-01  -8.0821769375171437e-01  -8.3482129086682255e-01
  -8.1901295566942678e-01  -8.0804286500847833e-01  -8.3564276719324782e-01
  -8.1811181621146500e-01  -8.0786419781533125e-01  -8.3650765718282449e-01
  -8.1705436989803171e-01  -8.0768242681287827e-01  -8.3742136765314557e-01
  -8.1582987953097497e-01  -8.0749843818213063e-01  -8.3839001142813585e-01
  -8.1442911188462652e-01  -8.0731327760552241e-01  -8.3942046889555832e-01
  -8.1284730778380221e-01  -8.0712813591998034e-01  -8.4052044702371453e-01
  -8.1108846132328027e-01  -8.0694429786543764e-01  -8.4169852389474786e-01
  -8.0917077501513002e-01  -8.0676303837277741e-01  -8.4296416132980867e-01
  -8.0713285234905541e-01  -8.0658545277698424e-01  -8.4432766320805952e-01
  -8.0503982194420187e-01  -8.0641221333737678e-01  -8.4580005386897672e-01
  -8.0298821050973768e-01  -8.0624325539565356e-01  -8.4739285104208428e-01
  -8.0110808494521979e-01  -8.0607741270735922e-01  -8.4911771261509628e-01
  -7.9956089082565152e-01  -8.0591204220748125e-01  -8.5098594744591871e-01
  -7.9853165928200687e-01  -8.0574270143696936e-01  -8.5300789772914520e-01
  -7.9821493176143454e-01  -8.0556296282970719e-01  -8.5519222315437937e-01
  -7.9879485079429469e-01  -8.0536446182978372e-01  -8.5754514250661373e-01
  -8.0042121061449534e-01  -8.0513727294322701e-01  -8.6006971203532123e-01
  -8.0318451568188309e-01  -8.0487068244770621e-01  -8.6276523646060099e-01
  -8.0709384039392651e-01  -8.0455437491139969e-01  -8.6562691287854276e-01
  -8.1206118698876162e-01  -8.0417997518209328e-01  -8.6864579710842327e-01
  -8.1789502721987950e-01  -8.0374279792438874e-01  -8.7180915658394165e-01
  -8.2430405737330348e-01  -8.0324356976434608e-01  -8.7510123775558035e-01
  -8.3091043964434419e-01  -8.0268982473721018e-01  -8.7850443571184567e-01
  -8.3727055770460890e-01  -8.0209665034035205e-01  -8.8200081628950744e-01
  -8.4290102537907696e-01  -8.0148649042666387e-01  -8.8557391120946904e-01
  -8.4730848892552746e-01  -8.0088779354287576e-01  -8.8921068578149054e-01
  -8.5002347407116874e-01  -8.0033242149239392e-01  -8.9290356310213803e-01
  -8.5064072315047934e-01  -7.9985188435308430e-01  -8.9665237136977805e-01
  -8.4887049130560632e-01  -7.9947262033545641e-01  -9.0046605293725479e-01
  -8.4460609756905269e-01  -7.9921066405232477e-01  -9.0436392674907129e-01
  -8.3801100840629694e-01  -7.9906611795688132e-01  -9.0837622665366924e-01
  -8.2962159352631126e-01  -7.9901783993433007e-01  -9.1254355542665733e-01
  -8.2044750210623318e-01  -7.9901868893023886e-01  -9.1691482796827617e-01
  -8.1203146122867731e-01  -7.9899157661643716e-01  -9.2154328528965213e-01
  -8.0641227724715681e-01  -7.9882655820737858e-01  -9.2648032482263309e-01
  -8.0593560471172088e-01  -7.9837939163919236e-01  -9.3176728299691336e-01
  -8.1289485621735902e-01  -7.9747247468998117e-01  -9.3742591665336428e-01
  -8.2906107245753557e-01  -7.9589971717740737e-01  -9.4344900760584627e-01
  -8.5524327589628968e-01  -7.9343734282670697e-01  -9.4979295713566059e-01
  -8.9105095675776391e-01  -7.8986233423284102e-01  -9.5637412172838299e-01
  -9.3496554012394828e-01  -7.8497893641025285e-01  -9.6306985231515796e-01
  -9.8469014055935045e-01  -7.7865155923568674e-01  -9.6972398842606999e-01
  -1.0376219120968437e+00  -7.7084031802742514e-01  -9.7615545862665720e-01
  -1.0912608816993465e+00  -7.6163411347222865e-01  -9.8216813754966836e-01
  -1.1434413336161751e+00  -7.5127583752965754e-01  -9.8756033670945498e-01
  -1.1923811205706358e+00  -7.4017460835214877e-01  -9.9213299262107291e-01
  -1.2366180399853295e+00  -7.2890032454542142e-01  -9.9569633826672821e-01
  -1.2749157492287231e+00  -7.1815626312630065e-01  -9.9807530524165489e-01
  -1.3061950473041652e+00  -7.0872675072775548e-01  -9.9911403895411754e-01
  -1.3295110290156642e+00  -7.0140034094491654e-01  -9.9867981548626994e-01
  -1.3440708084642035e+00  -6.9687497982384572e-01  -9.9666646552920612e-01
  -1.3492734262970010e+00  -6.9565913301403692e-01  -9.9299724436456449e-01
  -1.3447496272639752e+00  -6.9798868604474507e-01  -9.8762699332933734e-01
  -1.3303804900097700e+00  -7.0377995963184570e-01  -9.8054343583997838e-01
  -1.3062779789780818e+00  -7.1263248782107436e-01  -9.7176753568288377e-01
  -1.2727160498672931e+00  -7.2388282546438854e-01  -9.6135300042302996e-01
  -1.2300076349348528e+00  -7.3669725019760279e-01  -9.4938521530938036e-01
  -1.1783322899708422e+00  -7.5018217516658414e-01  -9.3598011454403707e-01
  -1.1175364921926463e+00  -7.6348953716171786e-01  -9.2128369670808530e-01
  -1.0469617017822355e+00  -7.7589984135612755e-01  -9.0547299674717296e-01
  -9.6541037102893101e-01  -7.8687454470708240e-01  -8.8875920183125345e-01
  -8.7142541475802671e-01  -7.9607798742943403e-01  -8.7139302366577254e-01
  -7.6407663776000367e-01  -8.0337434853904122e-01  -8.5367117210954935e-01
  -6.4429651599577531e-01  -8.0880637602188765e-01  -8.3594078780484693e-01
  -5.1637792779388758e-01  -8.1256107649629072e-01  -8.1859663912000291e-01
  -3.8869707799340181e-01  -8.1492558795309200e-01  -8.0206544317203543e-01
  -2.7267548964868105e-01  -8.1623664915498595e-01  -7.8677478776766707e-01
  -1.7997230377193302e-01  -8.1682991310162656e-01  -7.7311076756434216e-01
  -1.1925454077440467e-01  -8.1699794358523004e-01  -7.6137491921018619e-01
  -9.4175836556861237e-02  -8.1696438630742685e-01  -7.5175252614848309e-01
  -1.0315823285127756e-01  -8.1687651133180328e-01  -7.4429989037866895e-01
  -1.4049950812006196e-01  -8.1681279659822470e-01  -7.3895139623148942e-01
  -1.9808043461547759e-01  -8.1679946159536265e-01  -7.3554205969930087e-01
  -2.6716340012079204e-01  -8.1682984973175576e-01  -7.3383888440329970e-01
  -3.3992351121048192e-01  -8.1688194648799228e-01  -7.3357405256684116e-01
  -4.1042362007745220e-01  -8.1693122884787583e-01  -7.3447413884700619e-01
  -4.7491580052419902e-01  -8.1695804324442522e-01  -7.3628175590543254e-01
  -5.3159358781392729e-01  -8.1695032328558814e-01  -7.3876863224802070e-01
  -5.8006442745887099e-01  -8.1690326858303852e-01  -7.4174119937488214e-01
  -6.2079387510448392e-01  -8.1681759939094334e-01  -7.4504080763317648e-01
  -6.5466385780137715e-01  -8.1669752725854672e-01  -7.4854077270124053e-01
  -6.8268186897924144e-01  -8.1654903265159640e-01  -7.5214199096167245e-01
  -7.0581864071954248e-01  -8.1637863674713640e-01  -7.5576825681159177e-01
  -7.2493399179121121e-01  -8.1619263707528866e-01  -7.5936190032611972e-01
  -7.4075468048800963e-01  -8.1599669641824368e-01  -7.6288001123652704e-01
  -7.5387888711105167e-01  -8.1579566837597939e-01  -7.6629130903013898e-01
  -7.6479197376641161e-01  -8.1559356615901935e-01  -7.6957361573701188e-01
  -7.7388526099818344e-01  -8.1539360945812678e-01  -7.7271184686749350e-01
  -7.8147389901516806e-01  -8.1519830801947601e-01  -7.7569642797666782e-01
  -7.8781230346140496e-01  -8.1500955760960547e-01  -7.7852205167213695e-01
  -7.9310682457837833e-01  -8.1482873517921717e-01  -7.8118670278310742e-01
  -7.9752585107278717e-01  -8.1465678680104125e-01  -7.8369089303774520e-01
  -8.0120773876063756e-01  -8.1449430582383930e-01  -7.8603705887119701e-01
  -8.0426697997216245e-01  -8.1434160074912432e-01  -7.8822908623793497e-01
  -8.0679898800518635e-01  -8.1419875334203073e-01  -7.9027193451555311e-01
  -8.0888380807637683e-01  -8.1406566790281587e-01  -7.9217133801146444e-01
  -8.1058900337345408e-01  -8.1394211273366468e-01  -7.9393356853881836e-01
  -8.1197190990307011e-01  -8.1382775479875080e-01  -7.9556524631934911e-01
  -8.1308140902164394e-01  -8.1372218848191102e-01  -7.9707318936065807e-01
  -8.1395933115628372e-01  -8.1362495924009426e-01  -7.9846429365504101e-01
  -8.1464157693219585e-01  -8.1353558285160021e-01  -7.9974543822208888e-01
  -8.1515902102892601e-01  -8.1345356087249543e-01  -8.0092341029517877e-01
  -8.1553824826136279e-01  -8.1337839284275537e-01  -8.0200484692962970e-01
  -8.1580215936105860e-01  -8.1330958572315826e-01  -8.0299619006102518e-01
  -8.1597047487942742e-01  -8.1324666099186738e-01  -8.0390365262146501e-01
  -8.1606015876010507e-01  -8.1318915978331319e-01  -8.0473319377101282e-01
  -8.1608577796685922e-01  -8.1313664640961791e-01  -8.0549050165289748e-01
  -8.1605981063075672e-01  -8.1308871056516818e-01  -8.0618098235777869e-01
  -8.1599291225148263e-01  -8.1304496847752927e-01  -8.0680975400250332e-01
  -8.1589414725964138e-01  -8.1300506323252786e-01  -8.0738164500567400e-01
  -8.1577119159842115e-01  -8.1296866446816718e-01  -8.0790119578611963e-01
  -8.1563051072615012e-01  -8.1293546760130764e-01  -8.0837266322860513e-01
  -8.1547751652272260e-01  -8.1290519272296557e-01  -8.0880002735947276e-01
  -8.1531670587688498e-01  -8.1287758327290405e-01  -8.0918699975765773e-01
  -8.1515178322249193e-01  -8.1285240458191022e-01  -8.0953703329684668e-01
  -8.1498576889230279e-01  -8.1282944235089571e-01  -8.0985333287481576e-01
  -8.1482109487342003e-01  -8.1280850111950220e-01  -8.1013886683803449e-01
  -8.1465968931524091e-01  -8.1278940276315348e-01  -8.1039637885477334e-01
  -8.1450305097571207e-01  -8.1277198504623871e-01  -8.1062840002933412e-01
  -8.1435231464629043e-01  -8.1275610024998535e-01  -8.1083726108434973e-01
  -8.1420830849278558e-01  -8.1274161388644195e-01  -8.1102510446814724e-01
  -8.1407160414947766e-01  -8.1272840350445696e-01  -8.1119389627034200e-01
  -8.1394256033223578e-01  -8.1271635758938021e-01  -8.1134543785167623e-01
  -8.1382136066052446e-01  -8.1270537455518932e-01  -8.1148137711394053e-01
  -8.1370804632304528e-01  -8.1269536182564572e-01  -8.1160321935295665e-01
  -8.1360254415937971e-01  -8.1268623499967396e-01  -8.1171233765238282e-01
  -8.1350469068441578e-01  -8.1267791709533277e-01  -8.1180998278871086e-01
  -8.1341425252872368e-01  -8.1267033786632004e-01  -8.1189729262856747e-01
  -8.1333094372903436e-01  -8.1266343318485645e-01  -8.1197530100845816e-01
  -8.1325444025616689e-01  -8.1265714448489346e-01  -8.1204494609463740e-01
  -8.1318439213417892e-01  -8.1265141825986698e-01  -8.1210707822700412e-01
  -8.1312043346367124e-01  -8.1264620560954381e-01  -8.1216246725597185e-01
  -8.1306219063362606e-01  -8.1264146183096642e-01  -8.1221180938531423e-01
  -8.1300928897085134e-01  -8.1263714604886794e-01  -8.1225573353713287e-01
  -8.1296135805229475e-01  -8.1263322088142331e-01  -8.1229480725750547e-01
  -8.1291803587533062e-01  -8.1262965213758753e-01  -8.1232954218310671e-01
  -8.1287897206173365e-01  -8.1262640854267476e-01  -8.1236039909029467e-01
  -8.1284383024569162e-01  -8.1262346148920450e-01  -8.1238779254887139e-01
  -8.1281228978076403e-01  -8.1262078481037203e-01  -8.1241209520305691e-01
  -8.1278404687961525e-01  -8.1261835457381137e-01  -8.1243364170222920e-01
  -8.1275881528846416e-01  -8.1261614889357903e-01  -8.1245273230371873e-01
  -8.1273632658081396e-01  -8.1261414775853835e-01  -8.1246963616948809e-01
  -8.1271633014618039e-01  -8.1261233287552892e-01  -8.1248459437787612e-01
  -8.1269859293536306e-01  -8.1261068752589860e-01  -8.1249782267084614e-01
  -8.1268289901745361e-01  -8.1260919643412877e-01  -8.1250951395629911e-01
  -8.1266904899230386e-01  -8.1260784564744382e-01  -8.1251984058410320e-01
  -8.1265685929787446e-01  -8.1260662242540016e-01  -8.1252895641351908e-01
  -8.1264616144262081e-01  -8.1260551513857271e-01  -8.1253699868871232e-01
  -8.1263680119039272e-01  -8.1260451317554039e-01  -8.1254408973804881e-01
  -8.1262863771785510e-01  -8.1260360685746924e-01  -8.1255033851187897e-01
  -8.1262154276304432e-01  -8.1260278735963953e-01  -8.1255584197254771e-01
  -8.1261539977759112e-01  -8.1260204663935576e-01  -8.1256068634941325e-01
  -8.1261010309475967e-01  -8.1260137736970117e-01  -8.1256494827075609e-01
  -8.1260555712047078e-01  -8.1260077287867327e-01  -8.1256869578356894e-01
  -8.1260167555479945e-01  -8.1260022709326973e-01  -8.1257198927139285e-01
  -8.1259838064737588e-01  -8.1259973448812084e-01  -8.1257488227956309e-01
  -8.1259560249091789e-01  -8.1259929003831977e-01  -8.1257742225648322e-01
  -8.1259327835376061e-01  -8.1259888917611156e-01  -8.1257965121883824e-01
  -8.1259135205341548e-01  -8.1259852775114494e-01  -8.1258160634799370e-01
  -8.1258977337033422e-01  -8.1259820199399824e-01  -8.1258332052421844e-01
  -8.1258849750246476e-01  -8.1259790848273294e-01  -8.1258482280477951e-01
  -8.1258748455873653e-01  -8.1259764411222979e-01  -8.1258613885144071e-01
  -8.1258669909117531e-01  -8.1259740606609154e-01  -8.1258729131238594e-01
  -8.1258610966319178e-01  -8.1259719179090772e-01  -8.1258830016314065e-01
  -8.1258568845322987e-01  -8.1259699897269777e-01  -8.1258918301064254e-01
  -8.1258541089104419e-01  -8.1259682551535817e-01  -8.1258995536422252e-01
  -8.1258525532557080e-01  -8.1259666952095000e-01  -8.1259063087690220e-01
  -8.1258520272157553e-01  -8.1259652927168247e-01  -8.1259122156009145e-01
  -8.1258523638398061e-01  -8.1259640321345672e-01  -8.1259173797446771e-01
  -8.1258534170712593e-01  -8.1259628994084143e-01  -8.1259218939954803e-01
  -8.1258550594792045e-01  -8.1259618818335877e-01  -8.1259258398421919e-01
  -8.1258571802028590e-01  -8.1259609679297817e-01  -8.1259292888026147e-01
  -8.1258596830994401e-01  -8.1259601473272192e-01  -8.1259323036069819e-01
  -8.1258624850715955e-01  -8.1259594106627575e-01  -8.1259349392462399e-01
  -8.1258655145664260e-01  -8.1259587494853613e-01  -8.1259372438997690e-01
  -8.1258687102242189e-01  -8.1259581561700656e-01  -8.1259392597559466e-01
  -8.1258720196705003e-01  -8.1259576238396514e-01  -8.1259410237373053e-01
  -8.1258753984316345e-01  -8.1259571462935509e-01  -8.1259425681409636e-01
  -8.1258788089693612e-01  -8.1259567179431569e-01  -8.1259439212038209e-01
  -8.1258822198164282e-01  -8.1259563337531227e-01  -8.1259451076009992e-01
  -8.1258856048099781e-01  -8.1259559891880739e-01  -8.1259461488851126e-01
  -8.1258889424070091e-01  -8.1259556801642385e-01  -8.1259470638731113e-01
  -8.1258922150799229e-01  -8.1259554030055947e-01  -8.1259478689867426e-01
  -8.1258954087779300e-01  -8.1259551544041531e-01  -8.1259485785519414e-01
  -8.1258985124536398e-01  -8.1259549313839408e-01  -8.1259492050619841e-01
  -8.1259015176422489e-01  -8.1259547312684122e-01  -8.1259497594085794e-01
  -8.1259044180935325e-01  -8.1259545516509490e-01  -8.1259502510847059e-01
  -8.1259072094454132e-01  -8.1259543903681142e-01  -8.1259506883625088e-01
  -8.1259098889401049e-01  -8.1259542454755584e-01  -8.1259510784492239e-01
  -8.1259124551727713e-01  -8.1259541152262016e-01  -8.1259514276237743e-01
  -8.1259149078745108e-01  -8.1259539980504869e-01  -8.1259517413563109e-01
  -8.1259172477205466e-01  -8.1259538925385733e-01  -8.1259520244128258e-01
  -8.1259194761658438e-01  -8.1259537974242690e-01  -8.1259522809465712e-01
  -8.1259215953000252e-01  -8.1259537115705383e-01  -8.1259525145779665e-01
  -8.1259236077243324e-01  -8.1259536339563965e-01  -8.1259527284643507e-01
  -8.1259255164432054e-01  -8.1259535636650859e-01  -8.1259529253608509e-01
  -8.1259273247733987e-01  -8.1259534998734761e-01  -8.1259531076734948e-01
  -8.1259290362638070e-01  -8.1259534418424251e-01  -8.1259532775054732e-01
  -8.1259306546295695e-01  -8.1259533889081681e-01  -8.1259534366974739e-01
  -8.1259321836938381e-01  -8.1259533404745465e-01  -8.1259535868627741e-01
  -8.1259336273408556e-01  -8.1259532960059733e-01  -8.1259537294178075e-01
  -8.1259349894745336e-01  -8.1259532550211688e-01  -8.1259538656087515e-01
  -8.1259362739860952e-01  -8.1259532170874371e-01  -8.1259539965346195e-01
  -8.1259374847253518e-01  -8.1259531818155939e-01  -8.1259541231673926e-01
  -8.1259386254792987e-01  -8.1259531488553505e-01  -8.1259542463694356e-01
  -8.1259396999528843e-01  -8.1259531178912170e-01  -8.1259543669087131e-01
  -8.1259407117558424e-01  -8.1259530886387676e-01  -8.1259544854719368e-01
  -8.1259416643905646e-01  -8.1259530608413189e-01  -8.1259546026760254e-01
  -8.1259425612448855e-01  -8.1259530342669106e-01  -8.1259547190780435e-01
  -8.1259434055851865e-01  -8.1259530087056286e-01  -8.1259548351838518e-01
  -8.1259442005535709e-01  -8.1259529839671896e-01  -8.1259549514556006e-01
  -8.1259449491647406e-01  -8.1259529598787206e-01  -8.1259550683182613e-01
  -8.1259456543061914e-01  -8.1259529362828431e-01  -8.1259551861653090e-01
  -8.1259463187376879e-01  -8.1259529130359165e-01  -8.1259553053636646e-01
  -8.1259469450937261e-01  -8.1259528900064182e-01  -8.1259554262580069e-01
  -8.1259475358847399e-01  -8.1259528670735737e-01  -8.1259555491745339e-01
  -8.1259480935009454e-01  -8.1259528441260420e-01  -8.1259556744242500e-01
  -8.1259486202147624e-01  -8.1259528210607945e-01  -8.1259558023058642e-01
  -8.1259491181855514e-01  -8.1259527977820323e-01  -8.1259559331083098e-01
  -8.1259495894627831e-01  -8.1259527742002990e-01  -8.1259560671129960e-01
  -8.1259500359912407e-01  -8.1259527502316309e-01  -8.1259562045957512e-01
  -8.1259504596145515e-01  -8.1259527257967634e-01  -8.1259563458286199e-01
  -8.1259508620806375e-01  -8.1259527008205135e-01  -8.1259564910813931e-01
  -8.1259512450453997e-01  -8.1259526752311029e-01  -8.1259566406230321e-01
  -8.1259516100781704e-01  -8.1259526489596023e-01  -8.1259567947229239e-01
  -8.1259519586653506e-01  -8.1259526219394718e-01  -8.1259569536520360e-01
  -8.1259522922157867e-01  -8.1259525941060329e-01  -8.1259571176839684e-01
  -8.1259526120643077e-01  -8.1259525653961029e-01  -8.1259572870959218e-01
  -8.1259529194768543e-01  -8.1259525357475715e-01  -8.1259574621695929e-01
  -8.1259532156537995e-01  -8.1259525050990600e-01  -8.1259576431920122e-01
  -8.1259535017348428e-01  -8.1259524733896127e-01  -8.1259578304563529e-01
  -8.1259537788021097e-01  -8.1259524405583927e-01  -8.1259580242626617e-01
  -8.1259540478847259e-01  -8.1259524065443711e-01  -8.1259582249185958e-01
  -8.1259543099616360e-01  -8.1259523712861570e-01  -8.1259584327401257e-01
  -8.1259545659659216e-01  -8.1259523347216689e-01  -8.1259586480522039e-01
