ARMA_MAT_TXT_FN008
512 3
  -8.1718681278009686e-01  -8.1335390293472698e-01  -8.0817684232096909e-01
  -8.1763943817236451e-01  -8.1342895118487579e-01  -8.0773674183865640e-01
  -8.1813570978477224e-01  -8.1351135567399302e-01  -8.0725288955093177e-01
  -8.1868047236147357e-01  -8.1360182459774810e-01  -8.0672095394459709e-01
  -8.1927752509243923e-01  -8.1370112985860765e-01  -8.0613617688143679e-01
  -8.1993254519312897e-01  -8.1381011585501550e-01  -8.0549333499753950e-01
  -8.2065008017559049e-01  -8.1392970190349812e-01  -8.0478669221805321e-01
  -8.2143676687661493e-01  -8.1406089211162436e-01  -8.0400995342432036e-01
  -8.2229800955714683e-01  -8.1420477818407433e-01  -8.0315620803438192e-01
  -8.2324154175159125e-01  -8.1436255046231354e-01  -8.0221787456467031e-01
  -8.2427373592208630e-01  -8.1453550107285033e-01  -8.0118663371951415e-01
  -8.2540356646422419e-01  -8.1472503623323833e-01  -8.0005336228625956e-01
  -8.2663848391029537e-01  -8.1493267970970840e-01  -7.9880805396251531e-01
  -8.2798885275651901e-01  -8.1516008656840688e-01  -7.9743974082488600e-01
  -8.2946330819875913e-01  -8.1540904700425121e-01  -7.9593639988589704e-01
  -8.3107376612902550e-01  -8.1568150192975997e-01  -7.9428486015018451e-01
  -8.3283016587082115e-01  -8.1597954747979662e-01  -7.9247069259154590e-01
  -8.3474619133528294e-01  -8.1630545319122982e-01  -7.9047810047501876e-01
  -8.3683329875543733e-01  -8.1666166771886406e-01  -7.8828978991840548e-01
  -8.3910736988153756e-01  -8.1705084030798281e-01  -7.8588684043236845e-01
  -8.4158195371035216e-01  -8.1747582702330424e-01  -7.8324855198335219e-01
  -8.4427624037682591e-01  -8.1793971252749020e-01  -7.8035229076635582e-01
  -8.4720755633398026e-01  -8.1844580674645884e-01  -7.7717330538215312e-01
  -8.5040136880676731e-01  -8.1899764361031513e-01  -7.7368453765534706e-01
  -8.5388329670097540e-01  -8.1959891609335112e-01  -7.6985639212553381e-01
  -8.5769231554403325e-01  -8.2025334733084498e-01  -7.6565648906175876e-01
  -8.6187262819429877e-01  -8.2096435982320093e-01  -7.6104935269340346e-01
  -8.6649114946420158e-01  -8.2173444058217637e-01  -7.5599605823610416e-01
  -8.7162771067945399e-01  -8.2256386164013229e-01  -7.5045377300957239e-01
  -8.7739334264833535e-01  -8.2344835276652462e-01  -7.4437522005404855e-01
  -8.8390497064316009e-01  -8.2437487038127444e-01  -7.3770799929293118e-01
  -8.9127478099266666e-01  -8.2531432651208947e-01  -7.3039385889868913e-01
  -8.9949755108438634e-01  -8.2620934280988012e-01  -7.2236798264555779e-01
  -9.0826277971597769e-01  -8.2695462391258523e-01  -7.1355876187422085e-01
  -9.1643508298627996e-01  -8.2736682032619790e-01  -7.0388889813767475e-01
  -9.2104357970992223e-01  -8.2714174376199789e-01  -6.9328007215881993e-01
  -9.1506785485506059e-01  -8.2580056365737453e-01  -6.8166561641207313e-01
  -8.8338165026349336e-01  -8.2263962324986639e-01  -6.6902071919383332e-01
  -7.9643423006659075e-01  -8.1672708476245059e-01  -6.5542738891382923e-01
  -6.0737586828343082e-01  -8.0703886418776449e-01  -6.4119931636682848e-01
  -2.7378981871370939e-01  -7.9284763579269346e-01  -6.2707271333905279e-01
   1.7510963788855832e-01  -7.7431363199987047e-01  -6.1436620461682467e-01
   6.0630684037682303e-01  -7.5280494949560339e-01  -6.0485846720993142e-01
   8.9367660806510485e-01  -7.3049142407628842e-01  -6.0028812427935552e-01
   1.0089681425431578e+00  -7.0965061158412279e-01  -6.0186471568685662e-01
   9.6357319941920583e-01  -6.9236652473849325e-01  -6.1012466640725083e-01
   7.3434237072247288e-01  -6.8047122478229505e-01  -6.2495018564165861e-01
   2.7852043635828072e-01  -6.7518651682275055e-01  -6.4547480571777749e-01
  -3.3206952152058133e-01  -6.7638388245138592e-01  -6.6994502417663238e-01
  -8.6771096042513596e-01  -6.8237474235953055e-01  -6.9602129044802541e-01
  -1.1863162792119994e+00  -6.9094439638335048e-01  -7.2162464207575927e-01
  -1.3266126258515363e+00  -7.0046078696279124e-01  -7.4549940705236473e-01
  -1.3708652337712282e+00  -7.1005597012097643e-01  -7.6711225916941161e-01
  -1.3716122488484759e+00  -7.1934011658369346e-01  -7.8633444666765895e-01
  -1.3539047271325870e+00  -7.2815332141061395e-01  -8.0322013330994046e-01
  -1.3285581258693018e+00  -7.3643573764986314e-01  -8.1789693621302439e-01
  -1.3001536418399906e+00  -7.4417017978679956e-01  -8.3051836497596965e-01
  -1.2706554239480132e+00  -7.5135778758974237e-01  -8.4124400122908072e-01
  -1.2409268269801375e+00  -7.5800785460590747e-01  -8.5023138068863979e-01
  -1.2113733264472317e+00  -7.6413348972449746e-01  -8.5763277763506174e-01
  -1.1821936482557556e+00  -7.6974977148880996e-01  -8.6359401367927180e-01
  -1.1535071788661631e+00  -7.7487296776652204e-01  -8.6825415393482974e-01
  -1.1253903564841230e+00  -7.7952022686822864e-01  -8.7174553468845295e-01
  -1.0979127850532535e+00  -7.8370949871988460e-01  -8.7419394950553031e-01
  -1.0711360693555072e+00  -7.8745955187599881e-01  -8.7571884649573628e-01
  -1.0451312143188427e+00  -7.9079005797411717e-01  -8.7643353196251983e-01
  -1.0199712680883191e+00  -7.9372168955708011e-01  -8.7644531493576361e-01
  -9.9574343300395829e-01  -7.9627624044156509e-01  -8.7585561602393602e-01
  -9.7254103128816827e-01  -7.9847672602081499e-01  -8.7475999671940441e-01
  -9.5047257603496937e-01  -8.0034747300150633e-01  -8.7324813608591878e-01
  -9.2965306267931735e-01  -8.0191415312767911e-01  -8.7140372248621700e-01
  -9.1020937897645415e-01  -8.0320376299860385e-01  -8.6930429032712198e-01
  -8.9226930836839768e-01  -8.0424450263300740e-01  -8.6702098352963808e-01
  -8.7596191080040386e-01  -8.0506555387381595e-01  -8.6461828536439955e-01
  -8.6140290487671445e-01  -8.0569672236053103e-01  -8.6215371630215942e-01
  -8.4869005052548985e-01  -8.0616796099142052e-01  -8.5967755490444120e-01
  -8.3788630808890796e-01  -8.0650876939913185e-01  -8.5723260375105059e-01
  -8.2901395055043925e-01  -8.0674752130943705e-01  -8.5485406561240285e-01
  -8.2204096348759503e-01  -8.0691075322694517e-01  -8.5256955769414200e-01
  -8.1688081464245521e-01  -8.0702249495782763e-01  -8.5039931763634435e-01
  -8.1338873108748633e-01  -8.0710369266153259e-01  -8.4835660723741668e-01
  -8.1137219222191526e-01  -8.0717179861428867e-01  -8.4644832921425350e-01
  -8.1059878743966529e-01  -8.0724055362895741e-01  -8.4467582037613220e-01
  -8.1081533956068452e-01  -8.0731999164610957e-01  -8.4303579060883327e-01
  -8.1176147171406510e-01  -8.0741664202497343e-01  -8.4152133607190249e-01
  -8.1318923286054046e-01  -8.0753390819639048e-01  -8.4012297281924675e-01
  -8.1487359758554412e-01  -8.0767256101011420e-01  -8.3882961627765351e-01
  -8.1662519303912506e-01  -8.0783130292220995e-01  -8.3762946442939668e-01
  -8.1829278844427578e-01  -8.0800733885070519e-01  -8.3651073681205390e-01
  -8.1976727957347140e-01  -8.0819692038363222e-01  -8.3546225878841696e-01
  -8.2097696730615755e-01  -8.0839582129919141e-01  -8.3447387757977809e-01
  -8.2188559393224359e-01  -8.0859973547655151e-01  -8.3353672818316604e-01
  -8.2248410334331279e-01  -8.0880458038970582e-01  -8.3264335907359854e-01
  -8.2278659312458502e-01  -8.0900671701378324e-01  -8.3178774977112602e-01
  -8.2282188752904184e-01  -8.0920308519257877e-01  -8.3096523814311085e-01
  -8.2263001074756514e-01  -8.0939127436670200e-01  -8.3017239010837618e-01
  -8.2225529611618886e-01  -8.0956953444320967e-01  -8.2940682715151737e-01
  -8.2174440571862317e-01  -8.0973674769573334e-01  -8.2866703800408248e-01
  -8.2114138577103191e-01  -8.0989236624581251e-01  -8.2795218340180876e-01
  -8.2048727913800767e-01  -8.1003633324943380e-01  -8.2726191240060998e-01
  -8.1981689155541959e-01  -8.1016898988482400e-01  -8.2659619259276296e-01
  -8.1915965817413250e-01  -8.1029098255101961e-01  -8.2595516587682183e-01
  -8.1853769397657594e-01  -8.1040316960640979e-01  -8.2533902702383710e-01
  -8.1796750086294079e-01  -8.1050653855462207e-01  -8.2474793165076998e-01
  -8.1745887454121569e-01  -8.1060213058728192e-01  -8.2418192747245389e-01
  -8.1701707000776014e-01  -8.1069098043491961e-01  -8.2364091214881385e-01
  -8.1664218948971590e-01  -8.1077406654539286e-01  -8.2312460978636248e-01
  -8.1633148327044425e-01  -8.1085227723428832e-01  -8.2263256761964254e-01
  -8.1607891302478475e-01  -8.1092638655470972e-01  -8.2216416441136952e-01
  -8.1587734043137372e-01  -8.1099704393923178e-01  -8.2171863150912583e-01
  -8.1571804638007306e-01  -8.1106477075778693e-01  -8.2129507855240658e-01
  -8.1559265076185739e-01  -8.1112996697054163e-01  -8.2089252503159027e-01
  -8.1549246471048908e-01  -8.1119292104119023e-01  -8.2050993075590772e-01
  -8.1541007918692898e-01  -8.1125382602661900e-01  -8.2014622716193275e-01
  -8.1533851773295318e-01  -8.1131279550092317e-01  -8.1980034381717737e-01
  -8.1527251010386959e-01  -8.1136988237670793e-01  -8.1947123289051149e-01
  -8.1520747943178506e-01  -8.1142509502679083e-01  -8.1915788716638471e-01
  -8.1514056652369671e-01  -8.1147841409926957e-01  -8.1885935506556207e-01
  -8.1506951967352503e-01  -8.1152980521769502e-01  -8.1857474920455753e-01
  -8.1499355300148957e-01  -8.1157923128592002e-01  -8.1830325236657497e-01
  -8.1491221246145662e-01  -8.1162666027440689e-01  -8.1804411803769972e-01
  -8.1482614491585248e-01  -8.1167207241900097e-01  -8.1779666949365781e-01
  -8.1473600000083346e-01  -8.1171546322074994e-01  -8.1756029490877991e-01
  -8.1464316650307611e-01  -8.1175684623588462e-01  -8.1733444234603947e-01
  -8.1454874760329343e-01  -8.1179625237724340e-01  -8.1711861219640058e-01
  -8.1445429746575571e-01  -8.1183372963501155e-01  -8.1691235065111278e-01
  -8.1436088535689277e-01  -8.1186934012465894e-01  -8.1671524174564913e-01
  -8.1426984473097730e-01  -8.1190315819010828e-01  -8.1652690122337879e-01
  -8.1418192457070770e-01  -8.1193526655880843e-01  -8.1634696968402520e-01
  -8.1409804873482761e-01  -8.1196575404548388e-01  -8.1617510793728543e-01
  -8.1401854226102943e-01  -8.1199471183961502e-01  -8.1601099196592908e-01
  -8.1394389083819063e-01  -8.1202223163177656e-01  -8.1585431014043186e-01
  -8.1387402537598075e-01  -8.1204840263914913e-01  -8.1570476007204984e-01
  -8.1380906914859952e-01  -8.1207331056230270e-01  -8.1556204753432027e-01
  -8.1374866421646352e-01  -8.1209703556963153e-01  -8.1542588487399648e-01
  -8.1369269534044475e-01  -8.1211965215287574e-01  -8.1529599119376683e-01
  -8.1364064501614775e-01  -8.1214122800798916e-01  -8.1517209180640837e-01
  -8.1359228685600093e-01  -8.1216182463467379e-01  -8.1505391914642189e-01
  -8.1354706035285063e-01  -8.1218149688949526e-01  -8.1494121274712517e-01
  -8.1350473052610683e-01  -8.1220029407026861e-01  -8.1483372040676905e-01
  -8.1346477775146242e-01  -8.1221825986458795e-01  -8.1473119827307405e-01
  -8.1342702399627476e-01  -8.1223543365064421e-01  -8.1463341192430361e-01
  -8.1339103633310639e-01  -8.1225185059017746e-01  -8.1454013629669786e-01
  -8.1335672249796276e-01  -8.1226754292870973e-01  -8.1445115649505462e-01
  -8.1332374873764246e-01  -8.1228254005074885e-01  -8.1436626744619323e-01
  -8.1329210860657941e-01  -8.1229686964036307e-01  -8.1428527438702281e-01
  -8.1326155665018596e-01  -8.1231055759724469e-01  -8.1420799224173301e-01
  -8.1323215450853803e-01  -8.1232362899633070e-01  -8.1413424582787353e-01
  -8.1320372190132917e-01  -8.1233610783440469e-01  -8.1406386902500905e-01
  -8.1317636357255030e-01  -8.1234801778863663e-01  -8.1399670478719766e-01
  -8.1314993848463646e-01  -8.1235938181342415e-01  -8.1393260419872981e-01
  -8.1312457027718898e-01  -8.1237022273572002e-01  -8.1387142639167498e-01
  -8.1310013483385912e-01  -8.1238056274832859e-01  -8.1381303758044543e-01
  -8.1307675603253360e-01  -8.1239042389551319e-01  -8.1375731096810222e-01
  -8.1305431116280202e-01  -8.1239982751539819e-01  -8.1370412582895713e-01
  -8.1303291300339908e-01  -8.1240879466790317e-01  -8.1365336746002481e-01
  -8.1301243207720408e-01  -8.1241734557160472e-01  -8.1360492635170290e-01
  -8.1299296558873602e-01  -8.1242550001439329e-01  -8.1355869821168891e-01
  -8.1297437524905858e-01  -8.1243327681595545e-01  -8.1351458323675563e-01
  -8.1295674334449097e-01  -8.1244069424603949e-01  -8.1347248621249035e-01
  -8.1293992482002442e-01  -8.1244776952831588e-01  -8.1343231587925480e-01
  -8.1292399068185983e-01  -8.1245451927652568e-01  -8.1339398509539307e-01
  -8.1290879313374920e-01  -8.1246095904257265e-01  -8.1335741027918251e-01
  -8.1289439657083029e-01  -8.1246710376986830e-01  -8.1332251161587699e-01
  -8.1288065474845617e-01  -8.1247296737989494e-01  -8.1328921255391950e-01
  -8.1286762973488857e-01  -8.1247856323564316e-01  -8.1325744003566858e-01
  -8.1285518029576731e-01  -8.1248390375672841e-01  -8.1322712402816955e-01
  -8.1284336928552758e-01  -8.1248900088356546e-01  -8.1319819776118063e-01
  -8.1283206261055307e-01  -8.1249386571061166e-01  -8.1317059727784513e-01
  -8.1282132562128462e-01  -8.1249850894266729e-01  -8.1314426166927023e-01
  -8.1281103215167294e-01  -8.1250294053766059e-01  -8.1311913263630708e-01
  -8.1280125051281937e-01  -8.1250717014891227e-01  -8.1309515471552907e-01
  -8.1279186219132427e-01  -8.1251120677176591e-01  -8.1307227484848710e-01
  -8.1278293804277058e-01  -8.1251505916861622e-01  -8.1305044259833203e-01
  -8.1277436627429656e-01  -8.1251873551661635e-01  -8.1302960972655747e-01
  -8.1276621940258276e-01  -8.1252224381489624e-01  -8.1300973040226188e-01
  -8.1275839115950776e-01  -8.1252559153292858e-01  -8.1299076078835697e-01
  -8.1275095472807857e-01  -8.1252878600121403e-01  -8.1297265924661599e-01
  -8.1274380820813064e-01  -8.1253183406135565e-01  -8.1295538593586736e-01
  -8.1273702458723296e-01  -8.1253474244248558e-01  -8.1293890301592420e-01
  -8.1273050539743141e-01  -8.1253751741472624e-01  -8.1292317425984073e-01
  -8.1272432282576201e-01  -8.1254016515385974e-01  -8.1290816525903808e-01
  -8.1271838119050133e-01  -8.1254269139982882e-01  -8.1289384305078238e-01
  -8.1271275155263734e-01  -8.1254510181187134e-01  -8.1288017632577214e-01
  -8.1270734064452055e-01  -8.1254740163330674e-01  -8.1286713507098274e-01
  -8.1270221831101730e-01  -8.1254959603878063e-01  -8.1285469078000350e-01
  -8.1269729353527853e-01  -8.1255168980601322e-01  -8.1284281611055520e-01
  -8.1269263501532918e-01  -8.1255368765621550e-01  -8.1283148509714132e-01
  -8.1268815394919569e-01  -8.1255559393293364e-01  -8.1282067282201742e-01
  -8.1268391803693418e-01  -8.1255741293616723e-01  -8.1281035562930981e-01
  -8.1267984070824018e-01  -8.1255914860804768e-01  -8.1280051080799331e-01
  -8.1267598882858338e-01  -8.1256080486083815e-01  -8.1279111680652349e-01
  -8.1267227807409104e-01  -8.1256238526895219e-01  -8.1278215292640343e-01
  -8.1266877461121045e-01  -8.1256389339082835e-01  -8.1277359953646544e-01
  -8.1266539634422030e-01  -8.1256533246671148e-01  -8.1276543777579946e-01
  -8.1266220882888196e-01  -8.1256670573435275e-01  -8.1275764976703113e-01
  -8.1265913213628727e-01  -8.1256801613201457e-01  -8.1275021832763417e-01
  -8.1265623125135533e-01  -8.1256926660800644e-01  -8.1274312718178710e-01
  -8.1265342831245446e-01  -8.1257045982845311e-01  -8.1273636067935173e-01
  -8.1265078773515631e-01  -8.1257159848076399e-01  -8.1272990400609924e-01
  -8.1264823360022442e-01  -8.1257268498584967e-01  -8.1272374290983673e-01
  -8.1264582973189703e-01  -8.1257372179569687e-01  -8.1271786390895018e-01
  -8.1264350201799795e-01  -8.1257471110981705e-01  -8.1271225402529901e-01
  -8.1264131366057946e-01  -8.1257565516719155e-01  -8.1270690099111043e-01
  -8.1263919222155634e-01  -8.1257655596680944e-01  -8.1270179298834178e-01
  -8.1263720025232300e-01  -8.1257741555427565e-01  -8.1269691885399231e-01
  -8.1263526686703125e-01  -8.1257823574634469e-01  -8.1269226782565740e-01
  -8.1263345394709385e-01  -8.1257901841251001e-01  -8.1268782974532194e-01
  -8.1263169205237051e-01  -8.1257976520344466e-01  -8.1268359481083019e-01
  -8.1263004238660475e-01  -8.1258047782786380e-01  -8.1267955377819612e-01
  -8.1262843686464836e-01  -8.1258115778480389e-01  -8.1267569771870007e-01
  -8.1262693601584390e-01  -8.1258180663601343e-01  -8.1267201821972235e-01
  -8.1262547303308164e-01  -8.1258242574197703e-01  -8.1266850714716177e-01
  -8.1262410778300220e-01  -8.1258301653007536e-01  -8.1266515684477381e-01
  -8.1262277467013766e-01  -8.1258358023422461e-01  -8.1266195990160406e-01
  -8.1262153291537831e-01  -8.1258411815902309e-01  -8.1265890934979601e-01
  -8.1262031807569490e-01  -8.1258463142287973e-01  -8.1265599843673408e-01
  -8.1261918874552985e-01  -8.1258512121831672e-01  -8.1265322082128766e-01
  -8.1261808157952276e-01  -8.1258558855845742e-01  -8.1265057035036836e-01
  -8.1261705456516486e-01  -8.1258603453364864e-01  -8.1264804125358259e-01
  -8.1261604540252208e-01  -8.1258646006115809e-01  -8.1264562792393114e-01
  -8.1261511149058074e-01  -8.1258686613827946e-01  -8.1264332511085080e-01
  -8.1261419152410586e-01  -8.1258725359510053e-01  -8.1264112770480679e-01
  -8.1261334233051896e-01  -8.1258762334423096e-01  -8.1263903092871981e-01
  -8.1261250354977854e-01  -8.1258797613651590e-01  -8.1263703012622290e-01
  -8.1261173145329257e-01  -8.1258831280752208e-01  -8.1263512095148416e-01
  -8.1261096657807075e-01  -8.1258863403608261e-01  -8.1263329916091909e-01
  -8.1261026465411368e-01  -8.1258894058767384e-01  -8.1263156080142873e-01
  -8.1260956706905696e-01  -8.1258923307567721e-01  -8.1262990200537999e-01
  -8.1260892902565862e-01  -8.1258951220178555e-01  -8.1262831917728462e-01
  -8.1260829271782575e-01  -8.1258977851986725e-01  -8.1262680879187332e-01
  -8.1260771283524524e-01  -8.1259003267354657e-01  -8.1262536757924586e-01
  -8.1260713233606252e-01  -8.1259027516256233e-01  -8.1262399232587734e-01
  -8.1260660541137786e-01  -8.1259050657764420e-01  -8.1262268005827432e-01
  -8.1260607574395383e-01  -8.1259072736927407e-01  -8.1262142784675617e-01
  -8.1260559704123381e-01  -8.1259093807998584e-01  -8.1262023298765507e-01
  -8.1260511367333654e-01  -8.1259113911542413e-01  -8.1261909280972711e-01
  -8.1260467887942234e-01  -8.1259133097419400e-01  -8.1261800485492997e-01
  -8.1260423768190093e-01  -8.1259151402112306e-01  -8.1261696668732553e-01
  -8.1260384286736065e-01  -8.1259168871476872e-01  -8.1261597607247205e-01
  -8.1260344007740637e-01  -8.1259185538280376e-01  -8.1261503078868491e-01
  -8.1260308166198925e-01  -8.1259201444728035e-01  -8.1261412880508010e-01
  -8.1260271385054772e-01  -8.1259216620204677e-01  -8.1261326809506818e-01
  -8.1260238857240186e-01  -8.1259231103587792e-01  -8.1261244681308664e-01
  -8.1260205261497609e-01  -8.1259244921184148e-01  -8.1261166311020239e-01
  -8.1260175750292019e-01  -8.1259258108839050e-01  -8.1261091530957663e-01
  -8.1260145055313171e-01  -8.1259270690057694e-01  -8.1261020172406195e-01
  -8.1260118290144179e-01  -8.1259282697922064e-01  -8.1260952083043558e-01
  -8.1260090236689242e-01  -8.1259294153389094e-01  -8.1260887108888513e-01
  -8.1260065971218487e-01  -8.1259305087022959e-01  -8.1260825111605184e-01
  -8.1260040323226979e-01  -8.1259315517462161e-01  -8.1260765950629832e-01
  -8.1260018333223183e-01  -8.1259325472977006e-01  -8.1260709500360839e-01
  -8.1259994875769170e-01  -8.1259334970097352e-01  -8.1260655632453660e-01
  -8.1259974957146586e-01  -8.1259344035003656e-01  -8.1260604232900535e-01
  -8.1259953494557302e-01  -8.1259352682307262e-01  -8.1260555184484629e-01
  -8.1259935461574706e-01  -8.1259360936284464e-01  -8.1260508383753782e-01
  -8.1259915815701145e-01  -8.1259368809802002e-01  -8.1260463723624687e-01
  -8.1259899499307020e-01  -8.1259376325401322e-01  -8.1260421110255165e-01
  -8.1259881507942111e-01  -8.1259383494361903e-01  -8.1260380445790015e-01
  -8.1259866754266863e-01  -8.1259390337643977e-01  -8.1260341645136103e-01
  -8.1259850269704581e-01  -8.1259396865083100e-01  -8.1260304618841617e-01
  -8.1259836938686059e-01  -8.1259403096199012e-01  -8.1260269289778586e-01
  -8.1259821826409784e-01  -8.1259409039513542e-01  -8.1260235576147577e-01
  -8.1259809790546411e-01  -8.1259414713233902e-01  -8.1260203408071985e-01
  -8.1259795928040424e-01  -8.1259420124686133e-01  -8.1260172710720879e-01
  -8.1259785071260571e-01  -8.1259425290881282e-01  -8.1260143420819408e-01
  -8.1259772346932102e-01  -8.1259430218057949e-01  -8.1260115469882210e-01
  -8.1259762563568205e-01  -8.1259434922137008e-01  -8.1260088800644792e-01
  -8.1259750875768644e-01  -8.1259439408367362e-01  -8.1260063350400213e-01
  -8.1259742069626173e-01  -8.1259443691676891e-01  -8.1260039067355938e-01
  -8.1259731325763973e-01  -8.1259447776413585e-01  -8.1260015894066995e-01
  -8.1259723409277740e-01  -8.1259451676600525e-01  -8.1259993783722717e-01
  -8.1259713525011079e-01  -8.1259455395766156e-01  -8.1259972683669757e-01
  -8.1259706418474953e-01  -8.1259458947109164e-01  -8.1259952551633208e-01
  -8.1259697316976742e-01  -8.1259462333412058e-01  -8.1259933339323032e-01
  -8.1259690947844077e-01  -8.1259465567122535e-01  -8.1259915008593997e-01
  -8.1259682559132163e-01  -8.1259468650344169e-01  -8.1259897515129265e-01
  -8.1259676861376262e-01  -8.1259471594841093e-01  -8.1259880824543540e-01
  -8.1259669121702038e-01  -8.1259474402098464e-01  -8.1259864896137979e-01
  -8.1259664035234125e-01  -8.1259477083257969e-01  -8.1259849698950737e-01
  -8.1259656886525888e-01  -8.1259479639241750e-01  -8.1259835195577212e-01
  -8.1259652356664525e-01  -8.1259482080624645e-01  -8.1259821358172846e-01
  -8.1259645746019626e-01  -8.1259484407816329e-01  -8.1259808152332469e-01
  -8.1259641723006282e-01  -8.1259486630875799e-01  -8.1259795553049907e-01
  -8.1259635602228275e-01  -8.1259488749745357e-01  -8.1259783528651086e-01
  -8.1259632040787011e-01  -8.1259490774014953e-01  -8.1259772056714397e-01
  -8.1259626365963578e-01  -8.1259492703201175e-01  -8.1259761108052131e-01
  -8.1259623224898725e-01  -8.1259494546467081e-01  -8.1259750662596408e-01
  -8.1259617956018038e-01  -8.1259496302940992e-01  -8.1259740693423077e-01
  -8.1259615197849522e-01  -8.1259497981397877e-01  -8.1259731182607686e-01
  -8.1259610298450613e-01  -8.1259499580612138e-01  -8.1259722105286780e-01
  -8.1259607889081253e-01  -8.1259501109005972e-01  -8.1259713445488013e-01
  -8.1259603325936025e-01  -8.1259502565030661e-01  -8.1259705180223607e-01
  -8.1259601234348688e-01  -8.1259503956788304e-01  -8.1259697295299294e-01
  -8.1259596977172532e-01  -8.1259505282434796e-01  -8.1259689769434551e-01
  -8.1259595175155119e-01  -8.1259506549781635e-01  -8.1259682590054705e-01
  -8.1259591196342651e-01  -8.1259507756715021e-01  -8.1259675737432957e-01
  -8.1259589658236497e-01  -8.1259508910782974e-01  -8.1259669200470219e-01
  -8.1259585932622347e-01  -8.1259510009624669e-01  -8.1259662960853463e-01
  -8.1259584635095594e-01  -8.1259511060549616e-01  -8.1259657008827968e-01
  -8.1259581139735571e-01  -8.1259512060970840e-01  -8.1259651327367122e-01
  -8.1259580061574588e-01  -8.1259513017982143e-01  -8.1259645907941280e-01
  -8.1259576775547326e-01  -8.1259513928789029e-01  -8.1259640734693961e-01
  -8.1259575897468972e-01  -8.1259514800290000e-01  -8.1259635800212093e-01
  -8.1259572801695312e-01  -8.1259515629500600e-01  -8.1259631089703543e-01
  -8.1259572106173705e-01  -8.1259516423143308e-01  -8.1259626596772949e-01
  -8.1259569183250291e-01  -8.1259517178058716e-01  -8.1259622307596024e-01
  -8.1259568654360537e-01  -8.1259517900810563e-01  -8.1259618216705432e-01
  -8.1259565888410301e-01  -8.1259518588078505e-01  -8.1259614311156592e-01
  -8.1259565511686027e-01  -8.1259519246284029e-01  -8.1259610586328557e-01
  -8.1259562888221104e-01  -8.1259519871957919e-01  -8.1259607030076286e-01
  -8.1259562650524897e-01  -8.1259520471393887e-01  -8.1259603638550848e-01
  -8.1259560156322874e-01  -8.1259521040985538e-01  -8.1259600400333565e-01
  -8.1259560045728030e-01  -8.1259521586912542e-01  -8.1259597312280096e-01
  -8.1259557668717453e-01  -8.1259522105441095e-01  -8.1259594363631205e-01
  -8.1259557674400962e-01  -8.1259522602649270e-01  -8.1259591551885857e-01
  -8.1259555403558581e-01  -8.1259523074685092e-01  -8.1259588866883325e-01
  -8.1259555515702275e-01  -8.1259523527536826e-01  -8.1259586306709963e-01
  -8.1259553340958801e-01  -8.1259523957241875e-01  -8.1259583861748041e-01
  -8.1259553550662578e-01  -8.1259524369709391e-01  -8.1259581530620617e-01
  -8.1259551462817625e-01  -8.1259524760873858e-01  -8.1259579304202056e-01
  -8.1259551762017501e-01  -8.1259525136575017e-01  -8.1259577181606102e-01
  -8.1259549752662075e-01  -8.1259525492650642e-01  -8.1259575154152763e-01
  -8.1259550134057723e-01  -8.1259525834880231e-01  -8.1259573221404635e-01
  -8.1259548195502929e-01  -8.1259526159010598e-01  -8.1259571375084949e-01
  -8.1259548652490443e-01  -8.1259526470769861e-01  -8.1259569615167004e-01
  -8.1259546777703173e-01  -8.1259526765818724e-01  -8.1259567933738586e-01
  -8.1259547304315738e-01  -8.1259527049841440e-01  -8.1259566331149058e-01
  -8.1259545486861384e-01  -8.1259527318417146e-01  -8.1259564799815132e-01
  -8.1259546077714584e-01  -8.1259527577193957e-01  -8.1259563340431029e-01
  -8.1259544311703547e-01  -8.1259527821673172e-01  -8.1259561945709702e-01
  -8.1259544961945729e-01  -8.1259528057473585e-01  -8.1259560616661652e-01
  -8.1259543241984911e-01  -8.1259528280022264e-01  -8.1259559346266308e-01
  -8.1259543947252233e-01  -8.1259528494915090e-01  -8.1259558135824395e-01
  -8.1259542268402318e-01  -8.1259528697507621e-01  -8.1259556978554370e-01
  -8.1259543024780034e-01  -8.1259528893378985e-01  -8.1259555876023726e-01
  -8.1259541382517808e-01  -8.1259529077815695e-01  -8.1259554821664493e-01
  -8.1259542186504774e-01  -8.1259529256386032e-01  -8.1259553817289443e-01
  -8.1259540576687039e-01  -8.1259529424309596e-01  -8.1259552856520956e-01
  -8.1259541425162984e-01  -8.1259529587149038e-01  -8.1259551941397512e-01
  -8.1259539843995232e-01  -8.1259529740058911e-01  -8.1259551065710234e-01
  -8.1259540734192293e-01  -8.1259529888602000e-01  -8.1259550231705302e-01
  -8.1259539178201190e-01  -8.1259530027868776e-01  -8.1259549433322620e-01
  -8.1259540107680484e-01  -8.1259530163426819e-01  -8.1259548672999693e-01
  -8.1259538573690560e-01  -8.1259530290303950e-01  -8.1259547944806498e-01
  -8.1259539540320880e-01  -8.1259530414077441e-01  -8.1259547251356878e-01
  -8.1259538025433842e-01  -8.1259530529713320e-01  -8.1259546586833198e-01
  -8.1259539027374150e-01  -8.1259530642803512e-01  -8.1259545954011769e-01
  -8.1259537528951076e-01  -8.1259530748252551e-01  -8.1259545347170892e-01
  -8.1259538564636125e-01  -8.1259530851671513e-01  -8.1259544769236325e-01
  -8.1259537080283439e-01  -8.1259530947904202e-01  -8.1259544214566504e-01
  -8.1259538148413013e-01  -8.1259531042585120e-01  -8.1259543686224545e-01
  -8.1259536675972277e-01  -8.1259531130497642e-01  -8.1259543178633842e-01
  -8.1259537775504209e-01  -8.1259531217304204e-01  -8.1259542694983378e-01
  -8.1259536313045122e-01  -8.1259531297727794e-01  -8.1259542229746773e-01
  -8.1259537443191843e-01  -8.1259531377463179e-01  -8.1259541786227762e-01
  -8.1259535989008902e-01  -8.1259531451173117e-01  -8.1259541358935761e-01
  -8.1259537149238237e-01  -8.1259531524589401e-01  -8.1259540951278320e-01
  -8.1259535701852414e-01  -8.1259531592314072e-01  -8.1259540557786203e-01
  -8.1259536891893291e-01  -8.1259531660120421e-01  -8.1259540181959933e-01
  -8.1259535450057374e-01  -8.1259531722550049e-01  -8.1259539818336923e-01
  -8.1259536669909549e-01  -8.1259531785422201e-01  -8.1259539470499609e-01
  -8.1259535232619717e-01  -8.1259531843217703e-01  -8.1259539132976899e-01
  -8.1259536482570649e-01  -8.1259531901807081e-01  -8.1259538809421550e-01
  -8.1259535049083764e-01  -8.1259531955610098e-01  -8.1259538494338046e-01
  -8.1259536329731308e-01  -8.1259532010553448e-01  -8.1259538191437075e-01
  -8.1259534899589170e-01  -8.1259532060995987e-01  -8.1259537895181666e-01
  -8.1259536211872629e-01  -8.1259532112925781e-01  -8.1259537609326926e-01
  -8.1259534784934595e-01  -8.1259532160641046e-01  -8.1259537328275966e-01
  -8.1259536130173626e-01  -8.1259532210197227e-01  -8.1259537055813114e-01
  -8.1259534706658865e-01  -8.1259532255832090e-01  -8.1259536786261022e-01
  -8.1259536086604545e-01  -8.1259532303674309e-01  -8.1259536523416254e-01
  -8.1259534667145539e-01  -8.1259532347902186e-01  -8.1259536261498022e-01
  -8.1259536084042494e-01  -8.1259532394724776e-01  -8.1259536004295208e-01
  -8.1259534669752009e-01  -8.1259532438261661e-01  -8.1259535745897671e-01
  -8.1259536126417542e-01  -8.1259532484809482e-01  -8.1259535490063417e-01
  -8.1259534718973481e-01  -8.1259532528430967e-01  -8.1259535230722946e-01
  -8.1259536218893347e-01  -8.1259532575519100e-01  -8.1259534971576275e-01
  -8.1259534820641321e-01  -8.1259532620081654e-01  -8.1259534706359737e-01
  -8.1259536368088303e-01  -8.1259532668617052e-01  -8.1259534438683068e-01
  -8.1259534982169168e-01  -8.1259532715081828e-01  -8.1259534162047820e-01
  -8.1259536582346448e-01  -8.1259532766090525e-01  -8.1259533879934753e-01
  -8.1259535212851708e-01  -8.1259532815552105e-01  -8.1259533585562926e-01
  -8.1259536872069527e-01  -8.1259532870209406e-01  -8.1259533282237750e-01
  -8.1259535524230320e-01  -8.1259532923929911e-01  -8.1259532962839287e-01
  -8.1259537250117997e-01  -8.1259532983598470e-01  -8.1259532630441900e-01
  -8.1259535930535776e-01  -8.1259533043048504e-01  -8.1259532277519453e-01
  -8.1259537732300990e-01  -8.1259533109322601e-01  -8.1259531906848137e-01
  -8.1259536449229397e-01  -8.1259533176229171e-01  -8.1259531510415572e-01
  -8.1259538337973347e-01  -8.1259533250987614e-01  -8.1259531090618553e-01
  -8.1259537101658341e-01  -8.1259533327393085e-01  -8.1259530638862876e-01
  -8.1259539090755351e-01  -8.1259533412863694e-01  -8.1259530157067783e-01
  -8.1259537913849345e-01  -8.1259533501196213e-01  -8.1259529635942529e-01
  -8.1259540019408505e-01  -8.1259533600032596e-01  -8.1259529076810333e-01
  -8.1259538917471541e-01  -8.1259533703189935e-01  -8.1259528469546249e-01
  -8.1259541158893611e-01  -8.1259533818564611e-01  -8.1259527814733845e-01
  -8.1259540151000442e-01  -8.1259533940017148e-01  -8.1259527101248574e-01
  -8.1259542551652897e-01  -8.1259534075733619e-01  -8.1259526328760490e-01
  -8.1259541661130086e-01  -8.1259534219646556e-01  -8.1259525484946582e-01
  -8.1259544249165327e-01  -8.1259534380274034e-01  -8.1259524568352870e-01
  -8.1259543504482823e-01  -8.1259534551656254e-01  -8.1259523565217984e-01
  -8.1259546313825437e-01  -8.1259534742693307e-01  -8.1259522472709222e-01
  -8.1259545749675888e-01  -8.1259534947576761e-01  -8.1259521275337987e-01
  -8.1259548821218630e-01  -8.1259535175648190e-01  -8.1259519968584226e-01
  -8.1259548479823873e-01  -8.1259535421304330e-01  -8.1259518534883690e-01
  -8.1259551862872714e-01  -8.1259535694399787e-01  -8.1259516967655276e-01
  -8.1259551795565177e-01  -8.1259535989602039e-01  -8.1259515246838654e-01
  -8.1259555549588725e-01  -8.1259536317363901e-01  -8.1259513363339331e-01
  -8.1259555818725260e-01  -8.1259536672703880e-01  -8.1259511294093334e-01
  -8.1259560015469390e-01  -8.1259537066774834e-01  -8.1259509026945187e-01
  -8.1259560696747279e-01  -8.1259537495045187e-01  -8.1259506535214310e-01
  -8.1259565422793245e-01  -8.1259537969490137e-01  -8.1259503803021360e-01
  -8.1259566608051736e-01  -8.1259538486147365e-01  -8.1259500799328910e-01
  -8.1259571967909250e-01  -8.1259539057961583e-01  -8.1259497503731204e-01
  -8.1259573768519688e-01  -8.1259539681685755e-01  -8.1259493879939648e-01
  -8.1259579888368150e-01  -8.1259540371410555e-01  -8.1259489902050952e-01
  -8.1259582439335132e-01  -8.1259541124782175e-01  -8.1259485527444586e-01
  -8.1259589471548332e-01  -8.1259541957249259e-01  -8.1259480723544253e-01
  -8.1259592936471992e-01  -8.1259542867567469e-01  -8.1259475440091555e-01
  -8.1259601065090281e-01  -8.1259543872798679e-01  -8.1259469636414605e-01
  -8.1259605642168209e-01  -8.1259544973070974e-01  -8.1259463253038744e-01
  -8.1259615089516102e-01  -8.1259546187367360e-01  -8.1259456239474892e-01
  -8.1259621018804795e-01  -8.1259547517506947e-01  -8.1259448525124200e-01
  -8.1259632053494657e-01  -8.1259548984764596e-01  -8.1259440047597331e-01
  -8.1259639625692792e-01  -8.1259550593037877e-01  -8.1259430722864567e-01
  -8.1259652572303653e-01  -8.1259552366340482e-01  -8.1259420474115929e-01
  -8.1259662139376598e-01  -8.1259554311118387e-01  -8.1259409201102184e-01
  -8.1259677390160834e-01  -8.1259556454663018e-01  -8.1259396809542939e-01
  -8.1259689378193134e-01  -8.1259558806538545e-01  -8.1259383179598088e-01
  -8.1259707407234616e-01  -8.1259561397964719e-01  -8.1259368195827042e-01
  -8.1259722331976980e-01  -8.1259564242314530e-01  -8.1259351714722095e-01
  -8.1259743712314403e-01  -8.1259567375520669e-01  -8.1259333595218530e-01
  -8.1259762197987162e-01  -8.1259570815602822e-01  -8.1259313665211852e-01
  -8.1259787622321566e-01  -8.1259574604154139e-01  -8.1259291752612506e-01
  -8.1259810424360723e-01  -8.1259578764855278e-01  -8.1259267650758638e-01
  -8.1259840730101351e-01  -8.1259583346103814e-01  -8.1259241150002537e-01
  -8.1259868762669862e-01  -8.1259588378470604e-01  -8.1259212001917114e-01
  -8.1259904962224494e-01  -8.1259593918539985e-01  -8.1259179951392679e-01
  -8.1259939331488906e-01  -8.1259600005260868e-01  -8.1259144699520669e-01
  -8.1259982648897422e-01  -8.1259606705073384e-01  -8.1259105936168174e-01
  -8.1260024693277344e-01  -8.1259614067107244e-01  -8.1259063301404322e-01
  -8.1260076608516596e-01  -8.1259622169675338e-01  -8.1259016418507091e-01
  -8.1260127947364813e-01  -8.1259631074269989e-01  -8.1258964853775839e-01
  -8.1260190249931052e-01  -8.1259640873513683e-01  -8.1258908149908382e-01
  -8.1260252842413272e-01  -8.1259651643903053e-01  -8.1258845784018263e-01
  -8.1260327696124202e-01  -8.1259663495314949e-01  -8.1258777201299170e-01
  -8.1260403912431112e-01  -8.1259676522447721e-01  -8.1258701771034836e-01
  -8.1260493933796896e-01  -8.1259690855991207e-01  -8.1258618820443262e-01
  -8.1260586641271371e-01  -8.1259706612715343e-01  -8.1258527588430707e-01
  -8.1260694994271865e-01  -8.1259723948424467e-01  -8.1258427259476929e-01
  -8.1260807661570689e-01  -8.1259743006643181e-01  -8.1258316914841477e-01
  -8.1260938172272046e-01  -8.1259763973489318e-01  -8.1258195566313629e-01
  -8.1261074995338078e-01  -8.1259787024908370e-01  -8.1258062104526763e-01
  -8.1261232290500784e-01  -8.1259812383616836e-01  -8.1257915332350050e-01
  -8.1261398344904068e-01  -8.1259840264837169e-01  -8.1257753909905006e-01
  -8.1261588019596087e-01  -8.1259870935481127e-01  -8.1257576387319175e-01
  -8.1261789444761312e-01  -8.1259904658343163e-01  -8.1257381145963781e-01
  -8.1262018265038627e-01  -8.1259941753713838e-01  -8.1257166430220973e-01
  -8.1262262487016768e-01  -8.1259982541994147e-01  -8.1256930284371498e-01
  -8.1262538634998283e-01  -8.1260027407954716e-01  -8.1256670582942758e-01
  -8.1262834635836256e-01  -8.1260076741741494e-01  -8.1256384962567774e-01
  -8.1263168006020781e-01  -8.1260131006025238e-01  -8.1256070850378670e-01
  -8.1263526649453122e-01  -8.1260190675377864e-01  -8.1255725390028499e-01
  -8.1263929206973784e-01  -8.1260256306592937e-01  -8.1255345467469775e-01
  -8.1264363632184200e-01  -8.1260328476424626e-01  -8.1254927630175056e-01
  -8.1264849845902376e-01  -8.1260407855398564e-01  -8.1254468109488331e-01
  -8.1265375943530538e-01  -8.1260495143923839e-01  -8.1253962731892682e-01
  -8.1265963309556011e-01  -8.1260591149960659e-01  -8.1253406936937889e-01
  -8.1266600297068703e-01  -8.1260696723536541e-01  -8.1252795679177781e-01
  -8.1267309971505364e-01  -8.1260812838694729e-01  -8.1252123440453272e-01
  -8.1268081088574784e-01  -8.1260940526471559e-01  -8.1251384120850711e-01
  -8.1268938652166445e-01  -8.1261080961615428e-01  -8.1250571043847697e-01
  -8.1269872000945031e-01  -8.1261235394117759e-01  -8.1249676834316364e-01
  -8.1270908382949125e-01  -8.1261405241269291e-01  -8.1248693414710205e-01
  -8.1272037943230568e-01  -8.1261592017879858e-01  -8.1247611867741920e-01
  -8.1273290537431320e-01  -8.1261797434331018e-01  -8.1246422421390019e-01
  -8.1274657392796101e-01  -8.1262023325671850e-01  -8.1245114293406995e-01
  -8.1276171405257280e-01  -8.1262271756436977e-01  -8.1243675662440318e-01
  -8.1277825223616285e-01  -8.1262544948870341e-01  -8.1242093490955158e-01
  -8.1279655299769515e-01  -8.1262845395404837e-01  -8.1240353479179495e-01
  -8.1281656120451451e-01  -8.1263175786347353e-01  -8.1238439862337053e-01
  -8.1283868308647600e-01  -8.1263539131067686e-01  -8.1236335343418475e-01
  -8.1286288698568998e-01  -8.1263938685574577e-01  -8.1234020859791412e-01
  -8.1288962818550059e-01  -8.1264378083641509e-01  -8.1231475489943783e-01
  -8.1291890472336714e-01  -8.1264861264820198e-01  -8.1228676183541126e-01
  -8.1295122970494282e-01  -8.1265392616942733e-01  -8.1225597636254487e-01
  -8.1298663843985963e-01  -8.1265976905258897e-01  -8.1222211976134839e-01
  -8.1302571233068688e-01  -8.1266619428004339e-01  -8.1218488599391958e-01
  -8.1306853316734562e-01  -8.1267325947516345e-01  -8.1214393804512452e-01
  -8.1311576316156797e-01  -8.1268102860847535e-01  -8.1209890580353572e-01
  -8.1316754174903128e-01  -8.1268957133914110e-01  -8.1204938177697705e-01
  -8.1322462689291330e-01  -8.1269896489476867e-01  -8.1199491839216487e-01
  -8.1328722918197727e-01  -8.1270929345608245e-01  -8.1193502296073394e-01
  -8.1335622016505704e-01  -8.1272065023758489e-01  -8.1186915427139816e-01
  -8.1343189788384040e-01  -8.1273313693097804e-01  -8.1179671665761410e-01
  -8.1351526873948388e-01  -8.1274686601842239e-01  -8.1171705572999731e-01
  -8.1360673784295801e-01  -8.1276196029336445e-01  -8.1162945136690723e-01
  -8.1370747177487945e-01  -8.1277855544337207e-01  -8.1153311240360915e-01
  -8.1381800625170519e-01  -8.1279679967044971e-01  -8.1142716833136608e-01
  -8.1393969814397682e-01  -8.1281685658636760e-01  -8.1131066272251595e-01
  -8.1407324191552577e-01  -8.1283890495831357e-01  -8.1118254338108164e-01
  -8.1422022044292797e-01  -8.1286314196622889e-01  -8.1104165423846908e-01
  -8.1438152045177425e-01  -8.1288978310357662e-01  -8.1088672364799619e-01
  -8.1455899306758794e-01  -8.1291906585343598e-01  -8.1071635443311041e-01
  -8.1475375700298291e-01  -8.1295124977812450e-01  -8.1052900995825528e-01
  -8.1496798141317628e-01  -8.1298662067845118e-01  -8.1032300194907003e-01
  -8.1520306382259911e-01  -8.1302549090950282e-01  -8.1009647390120021e-01
  -8.1546154981397923e-01  -8.1306820409533698e-01  -8.0984738621847008e-01
  -8.1574517054760209e-01  -8.1311513571093308e-01  -8.0957349643806920e-01
  -8.1605691615550113e-01  -8.1316669843219302e-01  -8.0927234114671953e-01
  -8.1639891510328932e-01  -8.1322334302507704e-01  -8.0894121240353889e-01
  -8.1677468098551320e-01  -8.1328556441745359e-01  -8.0857713579437229e-01
