ARMA_MAT_TXT_FN008
20 1
   5.1200000000000000e+02
   5.0000000000000000e-01
   1.0000000000000000e-02
   5.0000000000000000e+01
   1.0000000000000000e+01
   1.0000000000000000e+00
   6.3000000000000000e-01
   2.0000000000000000e+00
   1.8000000000000000e+00
  -8.5000000000000000e+00
   5.0000000000000000e+04
   1.0720000000000000e+03
   4.9500000000000000e+02
  -2.0000000000000000e+00
   2.0000000000000000e+00
   1.0000000000000000e+01
   6.0000000000000000e+01
   3.0000000000000000e+00
   3.0000000000000000e+00
   4.0000000000000000e+01
